T 0 33 89 247 374 49 1
T 11 33 89 247 374 49 1
T 22 33 89 247 374 49 1
T 33 33 89 247 374 49 1
T 44 33 89 247 374 49 1
T 55 33 89 247 374 49 1
T 66 33 89 247 374 49 1
T 86 33 89 247 374 49 1
T 97 33 89 247 374 49 1
T 108 33 89 247 374 49 1
T 119 33 89 247 374 49 1
T 137 28 89 313 233 44 1
T 148 25 89 313 233 44 1
T 159 22 89 313 233 44 1
T 191 33 87 247 376 48 1
T 202 33 87 247 376 48 1
T 213 33 87 247 376 48 1
T 224 33 87 247 376 48 1
T 235 33 87 247 376 48 1
T 253 28 90 190 239 39 1
T 265 24 90 190 239 39 1
T 283 24 90 190 239 39 1
T 290 24 90 190 239 39 1
T 297 24 90 190 239 39 1
T 304 24 90 190 239 39 1
T 311 24 90 190 239 39 1
T 318 24 90 190 239 39 1
T 325 24 90 190 239 39 1
T 332 24 90 190 239 39 1
T 339 24 90 190 239 39 1
T 346 24 90 190 239 39 1
T 353 24 90 190 239 39 1
T 360 24 90 190 239 39 1
T 367 24 90 190 239 39 1
T 374 24 90 190 239 39 1
T 381 24 90 190 239 39 1
T 419 33 88 248 372 44 1
T 430 33 88 248 372 44 1
T 441 33 88 248 372 44 1
T 452 33 88 248 372 44 1
T 463 33 88 248 372 44 1
T 474 33 88 248 372 44 1
T 485 33 88 248 372 44 1
T 496 33 88 248 372 44 1
E 4403.53 266.5 0 0 32 32 1
S 1 3536 1033.5
S 1 6672 1033.5
S 2 7184 1033.5
S 2 9488 745.5
S 1 10256 745.5
S 2 10960 745.5
S 1 11632 745.5
S 1 14224 1033.5
S 0 240 1026
I 3 14864 1056
I 1 4848 720
I 0 4082.03 968.75
I 0 7664 976
I 3 8208 896
I 3 12016 768
I 2 12272 768
I 0 12270.9 700
I 1 10544 688
I 2 4080 1056
I 1 13013.6 802.5
