T 0 33 59 186 432 47 1
T 13 33 59 186 432 47 1
T 26 33 59 186 432 47 1
T 39 33 59 186 432 47 1
T 52 33 59 186 432 47 1
T 65 33 59 186 432 47 1
T 78 33 59 186 432 47 1
T 97 28 59 186 432 47 1
T 110 28 59 186 432 47 1
T 127 23 59 186 432 47 1
T 140 23 59 186 432 47 1
T 183 33 59 186 432 47 1
T 196 33 59 186 432 47 1
T 209 33 59 186 432 47 1
T 222 33 59 186 432 47 1
T 235 33 59 186 432 47 1
T 248 33 59 186 432 47 1
T 261 33 59 186 432 47 1
T 284 28 62 186 433 43 1
T 303 23 61 185 434 43 1
T 316 23 61 185 434 43 1
T 353 33 62 185 432 34 1
T 363 33 61 185 434 43 1
T 376 33 61 185 434 43 1
T 389 33 61 185 434 43 1
T 402 33 61 185 434 43 1
T 415 33 61 185 434 43 1
T 428 33 61 185 434 43 1
T 441 33 61 185 434 43 1
T 454 33 61 185 434 43 1
T 467 33 61 185 434 43 1
T 480 33 61 185 434 43 1
T 493 33 61 185 434 43 1
E 12455.4 289 0 0 32 32 1
S 0 528 1026
S 1 3472 873.5
S 2 4432 713.5
S 1 6480 1033.5
S 2 7024 1033.5
S 1 7792 1033.5
S 1 11760 1033.5
S 2 12208 1033.5
S 2 13136 1033.5
S 1 13872 1033.5
S 2 14576 1033.5
S 2 10160 713.5
I 4 14992 1056
I 1 12647.7 991.25
I 0 11412.5 1006.25
I 2 11408 1056
I 4 9296 896
I 3 8496 1056
I 0 8040.78 1007.5
I 1 6225 977.5
I 4 3760 896
I 3 2544 1056
