E 357.5 660.5 212 7 91 77 1
E 377.5 656.5 212 7 91 77 1
E 391.5 656.5 212 7 91 77 1
E 409.5 662.5 212 7 91 77 1
E 458.5 664.5 212 7 91 77 1
E 481.5 664.5 212 7 91 77 1
E 505.5 663.5 212 7 91 77 1
E 527.5 663.5 212 7 91 77 1
E 544.5 660.5 212 7 91 77 1
E 575.5 656.5 212 7 91 77 1
E 599.5 658.5 212 7 91 77 1
E 647.5 664.5 212 7 91 77 1
E 656.5 664.5 212 7 91 77 1
E 688.5 664.5 212 7 91 77 1
E 705.5 664.5 212 7 91 77 1
E 736.5 664.5 212 7 91 77 1
E 754.5 659.5 212 7 91 77 1
E 780.5 659.5 212 7 91 77 1
E 807.5 660.5 212 7 91 77 1
E 828.5 663.5 212 7 91 77 1
E 853.5 662.5 212 7 91 77 1
E 893.5 662.5 212 7 91 77 1
E 912.5 662.5 212 7 91 77 1
E 941.5 663.5 212 7 91 77 1
E 962.5 662.5 212 7 91 77 1
E 987.5 660.5 212 7 91 77 1
E 1018.5 660.5 212 7 91 77 1
E 1051.5 661.5 212 7 91 77 1
E 1065.5 661.5 212 7 91 77 1
E 1073.5 661.5 212 7 91 77 1
E 1108.5 661.5 212 7 91 77 1
E 1121.5 660.5 212 7 91 77 1
E 1139.5 658.5 212 7 91 77 1
E 1167.5 658.5 212 7 91 77 1
E 1185.5 658.5 212 7 91 77 1
E 1190.5 658.5 212 7 91 77 1
E 1230 622 3 0 126 122 1
E 1317 637 3 0 126 122 1
E 1368 640 3 0 126 122 1
E 1474 645 3 0 126 122 1
E 1556 651 3 0 126 122 1
E 1607 653 3 0 126 122 1
E 1631 653 3 0 126 122 1
E 1673 647 3 0 126 122 1
E 1695 641 3 0 126 122 1
E 1706 639 3 0 126 122 1
E 1768 630 3 0 126 122 1
E 1828 627 3 0 126 122 1
E 1891 640 3 0 126 122 1
E 1903 640 3 0 126 122 1
E 1922 642 3 0 126 122 1
E 1980 619 3 0 126 122 1
E 2077 617 3 0 126 122 1
E 2118 617 3 0 126 122 1
E 2133 619 3 0 126 122 1
E 2152 625 3 0 126 122 1
E 2205 625 3 0 126 122 1
E 2217 628 3 0 126 122 1
E 2300 619 3 0 126 122 1
E 2364 617 3 0 126 122 1
E 2405 616 3 0 126 122 1
E 2424 621 3 0 126 122 1
E 2510 625 3 0 126 122 1
E 2583 622 3 0 126 122 1
E 2613 624 3 0 126 122 1
E 2632 624 3 0 126 122 1
E 2744 625 3 0 126 122 1
E 2754 625 3 0 126 122 1
E 2774 625 3 0 126 122 1
E 2783 625 3 0 126 122 1
E 2891 625 3 0 126 122 1
E 2895 622 3 0 126 122 1
E 2953 622 3 0 126 122 1
E 2968 622 3 0 126 122 1
E 1074 154 0 0 32 32 1
E 346 667 0 0 32 32 1
E 318 667 0 0 32 32 1
E 291 671 0 0 32 32 1
E 228 676 0 0 32 32 1
E 154 670 0 0 32 32 1
E 196 672 0 0 32 32 1
E 230 676 0 0 32 32 1
E 269 678 0 0 32 32 1
E 234 678 0 0 32 32 1
E 146 685 0 0 32 32 1
E 102 680 0 0 32 32 1
E 108 680 0 0 32 32 1
E 107 679 0 0 32 32 1
E 74 676 0 0 32 32 1
E 36 669 0 0 32 32 1
E 32 669 0 0 32 32 1
E 22 669 0 0 32 32 1
E 825 220 0 0 32 32 1
