T 0 33 144 206 307 60 1
T 9 33 144 206 307 60 1
T 18 33 144 206 307 60 1
T 27 33 144 206 307 60 1
T 36 33 144 206 307 60 1
T 45 33 144 206 307 60 1
T 54 33 144 206 307 60 1
T 63 16 458 59 47 284 1
T 63 24 458 59 47 284 1
T 64 16 143 207 305 56 1
T 73 16 143 207 305 56 1
T 82 16 143 207 305 56 1
T 91 16 143 207 305 56 1
T 129 33 143 207 305 56 1
T 138 33 143 207 305 56 1
T 147 33 143 207 305 56 1
T 156 33 143 207 305 56 1
T 165 33 143 207 305 56 1
T 222 33 143 207 305 56 1
T 231 33 143 207 305 56 1
T 240 33 143 207 305 56 1
T 249 33 143 207 305 56 1
T 258 33 143 207 305 56 1
T 267 33 143 207 305 56 1
T 276 33 143 207 305 56 1
T 285 33 143 207 305 56 1
T 294 33 143 207 305 56 1
T 303 33 143 207 305 56 1
T 312 33 143 207 305 56 1
T 321 33 143 207 305 56 1
T 330 33 143 207 305 56 1
T 338 18 457 63 49 277 1
T 338 25 457 63 49 277 1
T 339 18 143 208 306 50 1
T 348 18 143 208 306 50 1
T 357 18 143 208 306 50 1
T 366 18 143 208 306 50 1
T 375 18 143 208 306 50 1
T 384 18 143 208 306 50 1
T 393 18 143 208 306 50 1
T 402 18 143 208 306 50 1
T 411 18 143 208 306 50 1
T 420 18 143 208 306 50 1
T 473 33 143 208 306 50 1
T 482 33 143 208 306 50 1
T 491 33 143 208 306 50 1
S 1 2704 489.5
S 2 4880 1033.5
S 1 7856 1033.5
S 2 8720 1033.5
S 1 9584 1033.5
S 1 11632 553.5
S 2 12176 553.5
S 2 12816 553.5
S 0 368 1026
I 1 3770.94 712.5
I 0 6507.19 758.75
I 1 8415.16 962.5
I 2 10480 1056
I 0 10469.4 992.5
I 1 12485.6 495
I 0 14666.9 791.25
