T 0 32 139 207 312 57 1
T 9 32 139 207 312 57 1
T 18 32 139 207 312 57 1
T 27 32 139 207 312 57 1
T 36 32 139 207 312 57 1
T 45 32 139 207 312 57 1
T 54 32 139 207 312 57 1
T 63 32 139 207 312 57 1
T 72 32 141 207 309 57 1
T 81 15 466 54 49 297 1
T 81 23 466 54 49 297 1
T 82 15 139 207 317 58 1
T 91 15 139 207 317 58 1
T 100 15 139 207 317 58 1
T 109 15 139 207 317 58 1
T 118 15 139 207 317 58 1
T 127 15 139 207 317 58 1
T 136 15 139 207 317 58 1
T 145 15 139 207 317 58 1
T 154 15 139 207 317 58 1
T 163 15 139 207 317 58 1
T 221 33 139 207 317 58 1
T 231 33 139 207 317 58 1
T 241 33 139 207 317 58 1
T 251 33 139 207 317 58 1
T 260 33 139 207 317 58 1
T 270 33 139 207 317 58 1
T 280 33 139 207 317 58 1
T 296 29 139 207 317 58 1
T 311 25 139 207 317 58 1
T 320 25 139 207 317 58 1
T 329 25 139 207 317 58 1
T 338 25 139 207 317 58 1
T 354 20 139 207 317 58 1
T 385 33 139 207 317 58 1
T 394 33 139 207 317 58 1
T 403 33 139 207 317 58 1
T 412 33 139 207 317 58 1
T 421 33 139 207 317 58 1
T 430 33 139 207 317 58 1
T 439 33 139 207 317 58 1
T 449 33 139 207 317 58 1
T 458 33 139 207 317 58 1
T 467 33 139 207 317 58 1
T 477 33 139 207 317 58 1
T 487 33 139 207 317 58 1
T 496 33 139 207 317 58 1
S 0 336 994
S 1 2032 1001.5
S 1 3408 457.5
S 2 4144 457.5
S 2 4720 457.5
S 1 7728 1033.5
S 2 8432 1033.5
S 2 10576 777.5
S 1 13104 1033.5
S 1 13872 1033.5
S 2 14416 1033.5
I 4 15088 1056
I 1 13579.4 990
I 0 12205 807.5
I 4 11504 640
I 0 9609.84 816.25
I 1 6568.75 515
I 1 3733.28 410
I 2 2864 480
I 0 2859.06 418.75
I 4 1040 1024
