T 1 33 22 285 460 79 1
T 2 33 22 285 460 79 1
T 16 33 22 285 460 79 1
T 30 33 22 285 460 79 1
T 44 33 22 285 460 79 1
T 58 33 23 284 456 79 1
T 72 33 23 284 456 79 1
T 86 33 23 284 456 79 1
T 100 33 23 284 456 79 1
T 114 33 23 284 456 79 1
T 128 33 22 284 462 80 1
T 142 33 22 284 462 80 1
T 156 33 22 284 462 80 1
T 170 33 22 284 462 80 1
T 184 33 22 284 462 80 1
T 425 31 22 284 460 81 1
T 439 31 22 284 460 81 1
T 453 31 22 284 460 81 1
T 467 31 22 284 460 81 1
S 3 15216 969.5
S 3 1584 809.5
S 0 304 1026
S 3 1648 1033.5
